waveforms: sine
freq: 5.000000
amp: 77.000000