waveforms: square
freq: 6.000000
amp: 1.900000