waveforms: square
freq: 6.000000
amp: 2.000000