waveforms: square
freq: 34.000000
amp: 2.100000