waveforms: sine
freq: 22.688641
amp: 0.938354
