waveforms: square
freq: 100.000000
amp: 2.000000
