waveforms: square
freq: 98.000000
amp: 2.500000
